  100 -120  120 -180   80 -180   60 -200   40 -180    0 -180   20 -120   30 -130   40 -140   50 -130   60 -130   80 -120  100 -120
   60  180   70  200   90  200   80  220   90  240   70  240   60  260   50  240   30  240   40  220   30  200   50  200   60  180
   60  180  -60   80  -10   60   20   70   50   60   90   70  100   70  110   60  120   70  130   60  140   70  180   80   60  180
  -10   60 -100  -10  -40  -30  -30  -30  -20  -30  -10  -20   20  -20   60  -30   70  -40   80  -30   80  -20  120  -20  160  -30  170  -30  180  -40  190  -30  220  -10  130   60
  -40  -30 -140 -110 -120 -120 -110 -120 -100 -130  -90 -130  -60 -130  -20 -120   20 -120   30 -130   40 -140   50 -130   60 -130   80 -120  100 -120  160 -130  180 -130  240 -120  260 -110  160  -30
   70  140   60  130   60  120   70  110   90  120   90  130   70  140
    0  110  -10  100  -10   90    0   80   10   90   10  100    0  110
  100   70  110   80  120   70
   20   40   30   40   40   30   30   20   20   20   10   30   20   40
  -40  -30  -40  -20  -30  -10  -20  -10  -10  -20
   60  -30   60  -20   70  -10   80  -20
  170  -30  170  -20  180  -10  190  -20  190  -30
  130  -40  120  -50  130  -60  140  -50  130  -40
  -20  -60  -30  -70  -20  -80  -10  -70  -20  -60
 -110 -120 -110 -110 -100 -100  -90 -110  -90 -130
   30 -130   30 -120   40 -110   50 -120   50 -130
  160 -130  160 -120  170 -110  180 -120  180 -130
